114 374
115 371
115 372
115 373
115 375
115 376
115 377
116 287
116 289
116 291
116 370
116 371
116 377
116 378
117 286
117 293
117 370
117 378
117 379
118 285
118 295
118 379
119 284
119 297
119 380
120 283
120 368
120 380
121 282
121 367
121 380
122 280
122 367
122 380
123 278
123 298
123 381
124 277
124 299
124 381
125 276
125 278
125 301
125 381
126 275
126 279
126 302
126 365
126 381
127 274
127 277
127 280
127 303
127 339
127 341
127 343
127 364
127 381
128 278
128 282
128 284
128 338
128 344
128 364
128 372
128 373
128 381
129 273
129 284
129 304
129 337
129 345
129 350
129 362
129 371
129 372
129 373
129 374
129 381
130 272
130 281
130 286
130 335
130 345
130 351
130 371
130 372
130 374
130 375
130 381
131 283
131 286
131 305
131 307
131 309
131 317
131 319
131 333
131 345
131 348
131 366
131 372
131 376
131 381
132 284
132 287
132 310
132 312
132 319
132 331
132 333
132 348
132 353
132 355
132 357
132 361
132 365
132 373
132 374
132 376
132 381
133 272
133 288
133 293
133 313
133 319
133 322
133 324
133 329
133 331
133 351
133 357
133 359
133 366
133 374
133 376
133 381
134 267
134 269
134 271
134 276
134 287
134 292
134 296
134 315
134 317
134 319
134 325
134 327
134 332
134 349
134 356
134 374
134 376
134 381
135 263
135 265
135 272
135 276
135 279
135 292
135 295
135 325
135 329
135 331
135 334
135 350
135 374
135 376
135 381
136 259
136 261
136 275
136 278
136 295
136 297
136 308
136 311
136 326
136 330
136 334
136 374
136 376
136 380
137 255
137 257
137 278
137 280
137 282
137 285
137 287
137 310
137 328
137 333
137 374
137 376
137 380
138 252
138 257
138 281
138 287
138 290
138 308
138 312
138 326
138 328
138 330
138 336
138 374
138 376
138 379
138 380
139 248
139 250
139 259
139 282
139 286
139 291
139 310
139 314
139 331
139 345
139 347
139 374
139 376
139 379
140 235
140 237
140 241
140 243
140 245
140 258
140 264
140 288
140 293
140 314
140 328
140 332
140 345
140 349
140 351
140 373
140 374
140 376
140 379
140 380
141 232
141 238
141 263
141 267
141 291
141 312
141 330
141 334
141 346
141 353
141 373
141 375
141 376
141 380
141 381
142 229
142 263
142 266
142 291
142 295
142 314
142 331
142 335
142 348
142 350
142 354
142 373
142 375
142 381
143 215
143 217
143 219
143 221
143 226
143 228
143 266
143 293
143 296
143 316
143 332
143 352
143 355
143 373
143 375
143 381
144 214
144 226
144 267
144 293
144 314
144 333
144 336
144 352
144 355
144 373
144 375
144 382
145 213
145 224
145 267
145 271
145 294
145 298
145 315
145 318
145 337
145 353
145 372
145 373
145 375
145 382
146 212
146 220
146 224
146 269
146 295
146 298
146 316
146 334
146 337
146 353
146 372
146 374
146 375
146 382
147 217
147 222
147 271
147 275
147 298
147 316
147 319
147 337
147 354
147 371
147 372
147 374
147 383
148 216
148 219
148 221
148 272
148 277
148 298
148 301
148 317
148 335
148 337
148 339
148 354
148 370
148 374
148 383
149 214
149 217
149 273
149 279
149 299
149 317
149 320
149 351
149 354
149 372
149 373
149 384
150 210
150 216
150 274
150 276
150 280
150 301
150 317
150 320
150 338
150 350
150 368
150 371
150 372
150 384
151 209
151 212
151 216
151 280
151 299
151 302
151 320
151 335
151 338
151 352
151 367
151 370
151 371
151 384
152 210
152 278
152 300
152 318
152 321
152 337
152 350
152 365
152 369
152 370
152 385
153 211
153 213
153 217
153 280
153 300
153 303
153 321
153 335
153 349
153 352
153 364
153 369
153 385
154 207
154 210
154 215
154 280
154 283
154 301
154 319
154 334
154 337
154 349
154 361
154 366
154 386
155 209
155 216
155 281
155 284
155 303
155 321
155 334
155 348
155 351
155 361
155 365
155 383
155 384
155 386
155 387
156 208
156 282
156 301
156 319
156 333
156 336
156 348
156 357
156 360
156 363
156 382
156 387
157 206
157 284
157 303
157 319
157 332
157 335
157 350
157 359
157 381
157 384
157 385
157 388
158 205
158 284
158 302
158 318
158 321
158 334
158 345
158 349
158 359
158 378
158 379
158 381
158 382
158 383
158 384
158 388
159 204
159 284
159 302
159 318
159 321
159 334
159 347
159 357
159 372
159 373
159 374
159 378
159 380
159 382
159 383
159 388
159 393
159 394
159 395
159 396
159 397
159 398
160 203
160 283
160 287
160 304
160 320
160 332
160 343
160 346
160 359
160 372
160 374
160 379
160 380
160 388
160 389
160 390
160 391
160 393
160 399
161 202
161 287
161 304
161 320
161 333
161 342
161 357
161 362
161 364
161 366
161 368
161 370
161 371
161 375
161 376
161 387
161 388
161 391
161 393
161 399
162 200
162 284
162 287
162 304
162 318
162 331
162 341
162 345
162 361
162 376
162 387
162 391
162 393
162 394
162 395
162 400
163 199
163 200
163 222
163 285
163 302
163 317
163 320
163 331
163 340
163 344
163 360
163 375
163 376
163 386
163 389
163 390
163 392
163 393
163 395
163 396
163 397
163 400
164 198
164 199
164 209
164 218
164 221
164 225
164 287
164 304
164 319
164 332
164 339
164 343
164 358
164 360
164 369
164 370
164 371
164 372
164 373
164 374
164 388
164 393
164 400
165 198
165 210
165 220
165 226
165 228
165 285
165 301
165 304
165 319
165 332
165 338
165 342
165 368
165 384
165 386
165 394
165 395
165 396
165 397
165 400
166 197
166 198
166 202
166 204
166 208
166 210
166 219
166 223
166 229
166 284
166 287
166 303
166 317
166 329
166 336
166 340
166 356
166 367
166 384
166 386
166 400
167 196
167 197
167 200
167 205
167 226
167 230
167 286
167 301
167 317
167 328
167 336
167 340
167 356
167 366
167 385
167 386
167 399
168 195
168 196
168 200
168 202
168 204
168 228
168 231
168 284
168 301
168 316
168 319
168 328
168 335
168 339
168 355
168 364
168 366
168 399
169 194
169 195
169 229
169 283
169 286
169 301
169 316
169 319
169 329
169 335
169 338
169 354
169 364
169 399
170 193
170 194
170 231
170 282
170 285
170 302
170 315
170 318
170 329
170 335
170 352
170 361
170 365
170 399
171 192
171 193
171 231
171 234
171 279
171 285
171 302
171 317
171 327
171 334
171 337
171 352
171 361
171 399
172 191
172 192
172 233
172 278
172 283
172 299
172 302
172 317
172 327
172 333
172 336
172 357
172 359
172 399
173 190
173 191
173 233
173 277
173 281
173 299
173 302
173 315
173 326
173 329
173 335
173 350
173 352
173 399
174 190
174 233
174 277
174 281
174 283
174 299
174 313
174 326
174 333
174 338
174 340
174 345
174 349
174 352
174 360
174 399
175 190
175 233
175 276
175 279
175 297
175 313
175 316
175 328
175 335
175 340
175 346
175 353
175 361
175 399
176 189
176 235
176 274
176 277
176 297
176 300
176 313
176 326
176 333
176 338
176 342
176 346
176 357
176 361
176 399
177 188
177 189
177 231
177 234
177 272
177 277
177 297
177 311
177 325
177 328
177 333
177 344
177 352
177 356
177 361
177 399
178 187
178 188
178 230
178 269
178 274
178 296
178 299
178 313
178 325
178 328
178 334
178 338
178 341
178 343
178 354
178 359
178 399
179 187
179 229
179 232
179 269
179 273
179 296
179 309
179 313
179 325
179 331
179 334
179 339
179 342
179 346
179 352
179 354
179 360
179 399
180 186
180 187
180 228
180 231
180 267
180 271
180 298
180 311
180 323
180 331
180 334
180 338
180 345
180 352
180 355
180 399
181 186
181 226
181 265
181 269
181 294
181 297
181 310
181 322
181 326
181 331
181 336
181 343
181 346
181 352
181 355
181 399
182 186
182 227
182 264
182 268
182 294
182 306
182 309
182 324
182 330
182 337
182 343
182 346
182 399
183 186
183 225
183 263
183 292
183 296
183 308
183 319
183 323
183 329
183 332
183 336
183 343
183 345
183 399
184 186
184 226
184 263
184 266
184 292
184 305
184 308
184 318
184 323
184 329
184 336
184 399
185 186
185 224
185 262
185 265
185 291
185 303
185 306
185 314
185 317
185 321
185 328
185 335
185 399
186 186
186 226
186 264
186 289
186 293
186 304
186 307
186 315
186 318
186 326
186 331
186 335
186 399
187 187
187 224
187 258
187 260
187 264
187 289
187 302
187 305
187 315
187 323
187 326
187 331
187 335
187 370
187 371
187 372
187 399
188 187
188 224
188 258
188 262
188 287
188 291
188 302
188 311
188 315
188 322
188 327
188 330
188 332
188 335
188 370
188 372
188 399
189 187
189 188
189 222
189 255
189 260
189 264
189 286
189 290
189 304
189 313
189 319
189 324
189 333
189 336
189 370
189 371
189 372
189 399
190 188
190 189
190 223
190 254
190 258
190 262
190 284
190 289
190 302
190 309
190 313
190 318
190 323
190 335
190 399
191 189
191 190
191 223
191 252
191 255
191 262
191 283
191 287
191 301
191 308
191 312
191 318
191 321
191 399
192 191
192 192
192 223
192 251
192 253
192 256
192 262
192 282
192 285
192 299
192 307
192 315
192 319
192 378
192 379
192 399
193 181
193 182
193 183
193 184
193 185
193 186
193 187
193 193
193 194
193 223
193 250
193 260
193 264
193 282
193 297
193 306
193 312
193 314
193 318
193 377
193 380
193 399
194 178
194 179
194 180
194 187
194 195
194 196
194 223
194 248
194 252
194 259
194 280
194 296
194 300
194 305
194 311
194 317
194 378
194 379
194 399
195 172
195 173
195 174
195 175
195 176
195 177
195 187
195 197
195 198
195 199
195 200
195 202
195 221
195 246
195 250
195 258
195 262
195 282
195 294
195 298
195 303
195 307
195 310
195 316
195 399
196 171
196 187
196 220
196 223
196 248
196 258
196 260
196 280
196 293
196 297
196 303
196 306
196 314
196 399
197 171
197 187
197 219
197 222
197 246
197 279
197 282
197 295
197 301
197 303
197 310
197 314
197 399
198 170
198 187
198 202
198 213
198 218
198 222
198 245
198 278
198 281
198 291
198 295
198 301
198 310
198 313
198 380
198 381
198 399
199 170
199 187
199 200
199 202
199 209
199 211
199 216
199 219
199 243
199 247
199 281
199 291
199 294
199 303
199 305
199 312
199 379
199 382
199 399
200 170
200 186
200 187
200 194
200 195
200 196
200 197
200 198
200 199
200 200
200 208
200 215
200 219
200 241
200 244
200 277
200 280
200 291
200 298
200 302
200 312
200 380
200 381
200 399
201 170
201 181
201 182
201 183
201 184
201 185
201 191
201 192
201 193
201 209
201 211
201 215
201 217
201 241
201 245
201 277
201 287
201 291
201 300
201 311
201 399
202 170
202 180
202 183
202 191
202 238
202 243
202 276
202 285
202 289
202 297
202 300
202 335
202 400
203 170
203 181
203 182
203 183
203 191
203 237
203 242
203 274
203 284
203 289
203 299
203 336
203 364
203 400
204 170
204 183
204 190
204 191
204 235
204 240
204 270
204 273
204 283
204 287
204 299
204 318
204 334
204 336
204 365
204 400
205 170
205 183
205 190
205 191
205 234
205 238
205 265
205 269
205 273
205 276
205 278
205 280
205 285
205 297
205 300
205 320
205 327
205 334
205 364
205 400
206 170
206 183
206 191
206 230
206 232
206 260
206 262
206 266
206 270
206 276
206 283
206 299
206 319
206 326
206 333
206 399
207 170
207 183
207 184
207 191
207 229
207 235
207 257
207 260
207 264
207 266
207 279
207 326
207 328
207 399
208 170
208 185
208 186
208 191
208 192
208 228
208 232
208 253
208 256
208 260
208 262
208 399
209 170
209 186
209 187
209 188
209 189
209 191
209 193
209 194
209 195
209 226
209 230
209 252
209 257
209 274
209 279
209 399
210 170
210 190
210 191
210 192
210 195
210 198
210 199
210 200
210 202
210 204
210 212
210 225
210 229
210 242
210 251
210 255
210 273
210 277
210 399
211 170
211 192
211 193
211 194
211 195
211 206
211 208
211 210
211 214
211 216
211 218
211 220
211 222
211 224
211 251
211 253
211 273
211 276
211 314
211 399
212 170
212 198
212 229
212 231
212 239
212 241
212 244
212 246
212 248
212 271
212 274
212 315
212 338
212 399
213 171
213 202
213 204
213 211
213 228
213 232
213 235
213 237
213 239
213 245
213 399
214 171
214 172
214 173
214 174
214 175
214 176
214 177
214 178
214 179
214 180
214 181
214 182
214 183
214 184
214 185
214 186
214 187
214 188
214 189
214 190
214 191
214 192
214 193
214 194
214 195
214 196
214 197
214 211
214 233
214 242
214 249
214 251
214 253
214 269
214 271
214 278
214 280
214 282
214 284
214 286
214 288
214 290
214 292
214 294
214 296
214 298
214 300
214 302
214 304
214 306
214 327
214 329
214 399
215 191
215 198
215 199
215 200
215 202
215 204
215 212
215 214
215 216
215 218
215 220
215 222
215 224
215 227
215 229
215 231
215 243
215 245
215 247
215 255
215 257
215 259
215 261
215 263
215 265
215 267
215 272
215 274
215 276
215 308
215 310
215 312
215 314
215 316
215 318
215 320
215 322
215 324
215 331
215 333
215 335
215 337
215 339
215 341
215 343
215 345
215 347
215 349
215 351
215 353
215 355
215 357
215 359
215 361
215 363
215 365
215 367
215 369
215 370
215 371
215 372
215 373
215 374
215 375
215 376
215 377
215 378
215 379
215 380
215 381
215 382
215 383
215 384
215 385
215 386
215 387
215 388
215 389
215 390
215 391
215 392
215 393
215 394
215 395
215 396
215 397
215 398
