232 225
232 227
232 313
232 314
233 223
233 229
233 310
233 311
233 312
233 315
233 316
233 317
234 222
234 231
234 308
234 309
234 310
234 317
234 318
235 221
235 232
235 306
235 307
235 308
235 318
235 319
236 219
236 225
236 234
236 304
236 305
236 306
236 319
237 217
237 222
237 225
237 303
237 304
237 319
238 216
238 222
238 226
238 303
238 320
239 214
239 222
239 224
239 235
239 237
239 303
239 320
240 213
240 224
240 228
240 238
240 301
240 303
240 304
240 320
241 212
241 229
241 240
241 301
241 303
241 304
241 307
241 308
241 309
241 320
242 211
242 227
242 231
242 241
242 302
242 303
242 307
242 309
242 311
242 312
242 320
243 210
243 228
243 241
243 302
243 307
243 308
243 310
243 311
243 312
243 313
243 320
244 208
244 230
244 234
244 276
244 278
244 302
244 310
244 314
244 315
244 320
245 202
245 204
245 206
245 230
245 233
245 242
245 275
245 281
245 301
245 311
245 312
245 316
245 317
245 320
246 196
246 198
246 200
246 207
246 233
246 238
246 273
246 282
246 301
246 313
246 314
246 318
246 320
247 192
247 194
247 208
247 211
247 234
247 238
247 242
247 244
247 246
247 271
247 273
247 300
247 315
247 316
247 320
248 186
248 188
248 190
248 207
248 212
248 234
248 236
248 240
248 247
248 249
248 251
248 269
248 274
248 299
248 300
248 317
248 319
248 320
249 182
249 184
249 210
249 215
249 238
249 241
249 252
249 254
249 265
249 267
249 272
249 282
249 299
249 317
249 319
250 168
250 176
250 178
250 180
250 211
250 214
250 218
250 220
250 241
250 243
250 246
250 255
250 257
250 263
250 272
250 282
250 297
250 319
251 165
251 169
251 171
251 173
251 175
251 184
251 214
251 217
251 245
251 248
251 258
251 262
251 272
251 275
251 282
251 285
251 287
251 296
251 319
252 162
252 181
252 185
252 188
252 217
252 219
252 223
252 245
252 249
252 252
252 254
252 258
252 264
252 273
252 284
252 289
252 291
252 293
252 296
252 319
253 160
253 184
253 187
253 220
253 225
253 248
253 251
253 257
253 262
253 275
253 297
253 319
254 159
254 188
254 192
254 194
254 223
254 225
254 228
254 252
254 254
254 259
254 266
254 268
254 299
254 300
254 319
255 156
255 192
255 196
255 224
255 227
255 256
255 259
255 261
255 264
255 296
255 301
255 302
255 319
256 155
256 193
256 198
256 209
256 227
256 231
256 259
256 266
256 268
256 271
256 299
256 302
256 304
256 305
256 306
256 319
257 154
257 195
257 199
257 204
257 209
257 211
257 228
257 257
257 260
257 271
257 274
257 300
257 301
257 302
257 304
257 307
257 308
257 319
258 152
258 198
258 203
258 209
258 215
258 229
258 233
258 235
258 258
258 269
258 271
258 275
258 281
258 304
258 305
258 307
258 309
258 319
259 151
259 204
259 209
259 211
259 217
259 230
259 237
259 259
259 273
259 275
259 280
259 284
259 306
259 307
259 309
259 319
260 149
260 216
260 220
260 233
260 235
260 240
260 262
260 280
260 285
260 307
260 309
260 310
260 319
261 147
261 216
261 221
261 236
261 239
261 260
261 282
261 285
261 307
261 308
261 310
261 320
262 145
262 219
262 223
262 239
262 261
262 265
262 285
262 308
262 310
262 320
263 143
263 221
263 239
263 241
263 244
263 262
263 266
263 287
263 308
263 310
263 320
263 322
264 142
264 222
264 240
264 243
264 246
264 264
264 285
264 307
264 308
264 310
264 320
264 321
265 141
265 223
265 243
265 247
265 265
265 285
265 307
265 309
265 310
265 321
266 139
266 224
266 228
266 245
266 265
266 269
266 287
266 307
266 309
266 321
266 322
267 138
267 225
267 229
267 246
267 265
267 270
267 285
267 306
267 307
267 309
267 322
268 137
268 227
268 246
268 249
268 267
268 284
268 287
268 306
268 308
268 309
268 322
268 323
269 135
269 175
269 197
269 199
269 203
269 227
269 230
269 249
269 251
269 270
269 286
269 305
269 306
269 308
269 323
270 134
270 177
270 193
270 200
270 205
270 227
270 231
270 252
270 267
270 270
270 284
270 304
270 308
270 324
271 132
271 175
271 192
271 197
271 201
271 207
271 209
271 228
271 231
271 248
271 250
271 266
271 283
271 286
271 304
271 306
271 307
271 324
272 130
272 176
272 178
272 192
272 195
272 200
272 204
272 211
272 231
272 250
272 253
272 270
272 285
272 303
272 304
272 306
272 324
273 129
273 130
273 180
273 188
273 190
273 196
273 207
273 209
273 229
273 232
273 253
273 266
273 269
273 283
273 303
273 305
273 306
273 323
273 324
274 128
274 129
274 144
274 155
274 157
274 182
274 184
274 189
274 191
274 195
274 209
274 212
274 232
274 253
274 267
274 282
274 285
274 303
274 305
274 323
274 326
275 127
275 128
275 145
275 157
275 180
275 186
275 189
275 192
275 210
275 230
275 233
275 253
275 267
275 284
275 302
275 303
275 305
275 322
275 323
275 326
275 329
275 330
276 126
276 127
276 144
276 155
276 157
276 181
276 183
276 189
276 191
276 198
276 212
276 231
276 251
276 265
276 281
276 284
276 302
276 304
276 305
276 322
276 324
276 326
276 330
277 124
277 125
277 126
277 159
277 185
277 190
277 192
277 210
277 231
277 251
277 265
277 281
277 284
277 302
277 304
277 322
277 324
277 326
277 330
278 124
278 160
278 210
278 231
278 234
278 253
278 267
278 281
278 302
278 304
278 306
278 307
278 308
278 309
278 310
278 322
278 324
278 326
278 329
278 330
279 123
279 124
279 161
279 210
279 231
279 234
279 253
279 267
279 281
279 295
279 297
279 299
279 300
279 301
279 302
279 303
279 311
279 312
279 323
279 326
279 330
280 122
280 123
280 163
280 209
280 212
280 234
280 253
280 265
280 277
280 281
280 295
280 299
280 309
280 313
280 326
280 330
281 120
281 121
281 165
281 207
281 211
281 232
281 250
281 253
281 266
281 276
281 278
281 294
281 302
281 303
281 304
281 305
281 306
281 307
281 308
281 310
281 311
281 312
281 313
281 326
281 330
282 119
282 120
282 167
282 207
282 232
282 250
282 253
282 266
282 276
282 292
282 294
282 300
282 301
282 302
282 327
282 330
283 118
283 119
283 168
283 207
283 232
283 235
283 252
283 266
283 274
283 278
283 292
283 299
283 311
283 313
283 327
283 328
283 329
284 101
284 102
284 103
284 104
284 105
284 117
284 118
284 201
284 209
284 232
284 235
284 252
284 264
284 272
284 276
284 289
284 296
284 298
284 311
284 312
284 313
284 329
285 101
285 106
285 115
285 116
285 201
285 209
285 233
285 250
285 263
285 266
285 272
285 289
285 294
285 296
285 301
285 329
286 101
286 106
286 115
286 170
286 206
286 211
286 233
286 250
286 253
286 263
286 270
286 274
286 287
286 290
286 292
286 297
286 301
286 330
287 100
287 106
287 115
287 201
287 206
287 232
287 235
287 251
287 262
287 265
287 270
287 286
287 296
287 301
287 330
288 100
288 105
288 106
288 113
288 114
288 201
288 206
288 211
288 234
288 253
288 262
288 268
288 272
288 285
288 287
288 290
288 299
288 300
288 301
288 329
289 100
289 105
289 113
289 171
289 202
289 208
289 232
289 251
289 261
289 267
289 271
289 284
289 329
290 100
290 105
290 113
290 201
290 206
290 232
290 251
290 261
290 267
290 270
290 286
290 289
290 329
291 100
291 105
291 113
291 201
291 208
291 234
291 253
291 261
291 266
291 281
291 285
291 287
291 290
291 329
292 100
292 105
292 106
292 114
292 205
292 208
292 232
292 251
292 260
292 264
292 269
292 283
292 288
292 329
293 100
293 106
293 114
293 204
293 231
293 234
293 253
293 262
293 267
293 276
293 278
293 280
293 283
293 329
294 100
294 104
294 105
294 106
294 114
294 203
294 206
294 230
294 233
294 253
294 262
294 267
294 278
294 282
294 329
295 100
295 104
295 115
295 202
295 230
295 233
295 251
295 260
295 265
295 274
295 277
295 280
295 283
295 329
296 100
296 104
296 105
296 106
296 107
296 108
296 115
296 116
296 201
296 204
296 230
296 248
296 251
296 259
296 262
296 267
296 276
296 282
296 329
297 100
297 109
297 110
297 111
297 117
297 118
297 119
297 123
297 201
297 204
297 230
297 246
297 251
297 259
297 264
297 281
297 321
297 322
297 323
297 329
298 100
298 112
298 113
298 114
298 120
298 121
298 122
298 171
298 201
298 228
298 243
298 246
298 250
298 259
298 263
298 266
298 321
298 323
298 329
299 100
299 115
299 116
299 122
299 123
299 124
299 125
299 171
299 202
299 227
299 231
299 243
299 245
299 248
299 258
299 266
299 320
299 321
299 322
299 323
299 324
299 329
300 100
300 118
300 125
300 200
300 226
300 229
300 242
300 254
300 257
300 260
300 264
300 319
300 325
300 326
300 330
301 100
301 118
301 125
301 126
301 199
301 202
301 226
301 240
301 244
301 254
301 256
301 259
301 266
301 330
302 100
302 118
302 126
302 127
302 198
302 202
302 227
302 239
302 243
302 250
302 262
302 268
302 330
303 100
303 118
303 127
303 198
303 224
303 227
303 239
303 247
303 251
303 254
303 264
303 267
303 330
304 100
304 118
304 124
304 125
304 126
304 127
304 198
304 202
304 226
304 236
304 239
304 246
304 251
304 266
304 269
304 330
305 100
305 118
305 124
305 200
305 223
305 226
305 236
305 240
305 248
305 267
305 269
305 330
306 100
306 117
306 126
306 127
306 200
306 221
306 224
306 234
306 238
306 245
306 275
306 277
306 330
307 100
307 112
307 113
307 114
307 115
307 116
307 117
307 122
307 127
307 199
307 202
307 221
307 225
307 234
307 244
307 247
307 277
307 330
308 100
308 109
308 110
308 111
308 119
308 120
308 121
308 123
308 124
308 125
308 126
308 127
308 168
308 202
308 220
308 231
308 234
308 244
308 275
308 277
308 330
309 100
309 105
309 107
309 108
309 109
309 118
309 119
309 167
309 176
309 178
309 180
309 200
309 218
309 222
309 229
309 234
309 244
309 268
309 270
309 330
310 101
310 106
310 110
310 117
310 118
310 166
310 175
310 180
310 184
310 198
310 215
310 217
310 221
310 228
310 230
310 233
310 246
310 270
310 297
310 330
311 101
311 105
311 106
311 117
311 165
311 174
311 178
311 180
311 185
311 188
311 195
311 197
311 200
311 215
311 226
311 230
311 268
311 270
311 295
311 330
312 100
312 106
312 117
312 172
312 176
312 184
312 188
312 197
312 200
312 211
312 213
312 217
312 219
312 226
312 294
312 330
313 100
313 102
313 105
313 106
313 117
313 168
313 170
313 174
313 186
313 188
313 195
313 198
313 209
313 224
313 228
313 295
313 302
313 303
313 304
313 305
313 306
313 330
314 100
314 103
314 106
314 107
314 108
314 117
314 164
314 166
314 173
314 208
314 213
314 215
314 227
314 300
314 301
314 307
314 308
314 309
314 310
314 311
314 329
315 100
315 102
315 103
315 108
315 109
315 110
315 111
315 112
315 116
315 160
315 162
315 165
315 171
315 206
315 210
315 214
315 225
315 299
315 301
315 317
315 318
315 319
315 329
316 100
316 112
316 113
316 117
316 156
316 158
316 166
316 168
316 170
316 203
316 206
316 209
316 223
316 298
316 300
316 301
316 302
316 303
316 304
316 305
316 306
316 317
316 327
316 329
317 101
317 113
317 114
317 117
317 118
317 160
317 163
317 202
317 204
317 207
317 212
317 225
317 228
317 308
317 309
317 317
317 318
317 319
317 326
317 330
318 101
318 114
318 115
318 117
318 118
318 119
318 153
318 156
318 158
318 162
318 199
318 202
318 224
318 229
318 307
318 310
318 327
318 328
318 329
318 330
319 101
319 116
319 120
319 121
319 122
319 123
319 124
319 125
319 126
319 127
319 128
319 129
319 130
319 132
319 134
319 136
319 151
319 155
319 196
319 199
319 203
319 226
319 228
319 306
319 308
319 309
319 310
319 311
319 330
320 101
320 118
320 138
320 140
320 142
320 144
320 146
320 148
320 150
320 194
320 198
320 201
320 329
321 101
321 118
321 119
321 124
321 136
321 155
321 157
321 159
321 161
321 189
321 191
321 197
321 279
321 329
322 101
322 120
322 130
322 132
322 141
322 143
322 145
322 147
322 149
322 163
322 165
322 167
322 174
322 176
322 178
322 180
322 184
322 186
322 191
322 195
322 231
322 280
322 282
322 297
322 320
322 321
322 330
323 101
323 121
323 122
323 123
323 124
323 125
323 126
323 127
323 155
323 157
323 159
323 161
323 166
323 170
323 172
323 175
323 179
323 184
323 189
323 191
323 233
323 282
323 295
323 319
323 322
323 325
323 330
324 101
324 120
324 164
324 166
324 173
324 176
324 178
324 180
324 184
324 186
324 231
324 233
324 235
324 238
324 280
324 282
324 296
324 318
324 320
324 321
324 323
324 324
324 330
325 101
325 170
325 172
325 228
325 285
325 287
325 294
325 296
325 317
325 322
325 324
325 330
326 101
326 239
326 241
326 287
326 322
326 323
326 324
326 330
327 101
327 238
327 285
327 287
327 300
327 301
327 302
327 329
328 101
328 300
328 302
328 305
328 306
328 307
328 308
328 329
329 101
329 305
329 308
329 329
330 102
330 103
330 104
330 105
330 106
330 107
330 108
330 109
330 110
330 111
330 112
330 113
330 114
330 115
330 116
330 117
330 118
330 119
330 120
330 121
330 122
330 123
330 124
330 125
330 126
330 127
330 128
330 129
330 130
330 132
330 134
330 136
330 138
330 140
330 142
330 144
330 146
330 148
330 150
330 152
330 154
330 156
330 158
330 160
330 162
330 164
330 166
330 168
330 170
330 172
330 174
330 176
330 178
330 180
330 182
330 184
330 186
330 188
330 190
330 192
330 194
330 196
330 198
330 200
330 202
330 204
330 206
330 208
330 210
330 212
330 214
330 216
330 218
330 220
330 222
330 224
330 226
330 228
330 230
330 232
330 234
330 236
330 238
330 240
330 242
330 244
330 246
330 248
330 250
330 252
330 254
330 256
330 258
330 260
330 262
330 264
330 266
330 268
330 270
330 272
330 274
330 276
330 278
330 280
330 282
330 284
330 286
330 288
330 290
330 292
330 294
330 296
330 298
330 300
330 301
330 302
330 303
330 304
330 309
330 310
330 311
330 312
330 313
330 314
330 315
330 316
330 317
330 318
330 319
330 320
330 321
330 322
330 323
330 324
330 325
330 326
330 327
330 328
