221 318
221 319
221 320
221 321
221 322
222 232
222 234
222 236
222 238
222 316
222 317
222 318
222 323
222 324
223 231
223 240
223 316
223 324
223 325
223 326
224 229
224 242
224 315
224 326
225 228
225 242
225 244
225 314
225 315
225 326
226 226
226 239
226 244
226 246
226 313
226 314
226 327
227 225
227 241
227 245
227 311
227 312
227 327
228 224
228 241
228 247
228 310
228 311
228 327
229 223
229 241
229 249
229 310
229 327
230 239
230 249
230 310
230 321
230 322
230 327
231 239
231 242
231 310
231 320
231 321
231 323
231 327
232 221
232 240
232 250
232 320
232 321
232 324
232 328
233 220
233 241
233 250
233 285
233 287
233 289
233 309
233 321
233 322
233 323
233 324
233 326
233 328
234 216
234 218
234 221
234 242
234 246
234 248
234 282
234 284
234 309
234 322
234 323
234 325
234 328
235 210
235 212
235 214
235 223
235 243
235 251
235 253
235 282
235 308
235 325
235 327
235 328
236 207
236 219
236 224
236 245
236 247
236 249
236 255
236 258
236 279
236 282
236 291
236 293
236 308
236 325
236 326
237 198
237 200
237 202
237 204
237 206
237 222
237 226
237 230
237 255
237 257
237 261
237 263
237 265
237 267
237 275
237 277
237 279
237 281
237 294
237 296
237 305
237 307
237 326
238 182
238 186
238 188
238 190
238 193
238 195
238 197
238 210
238 222
238 227
238 233
238 235
238 258
238 268
238 270
238 272
238 282
238 286
238 299
238 301
238 303
238 326
239 185
239 191
239 193
239 206
239 224
239 228
239 231
239 256
239 273
239 283
239 287
239 326
240 186
240 206
240 209
240 213
240 215
240 226
240 228
240 232
240 235
240 237
240 239
240 257
240 273
240 284
240 288
240 291
240 326
241 184
241 188
241 210
241 214
241 230
241 232
241 236
241 241
241 245
241 258
241 261
241 277
241 287
241 290
241 295
241 297
241 326
242 172
242 174
242 176
242 178
242 180
242 182
242 212
242 214
242 216
242 219
242 234
242 236
242 238
242 243
242 258
242 262
242 275
242 279
242 281
242 291
242 295
242 299
242 301
242 326
243 169
243 215
243 218
243 222
243 240
243 244
243 247
243 260
243 264
243 276
243 295
243 297
243 301
243 304
243 325
244 167
244 219
244 222
244 242
244 245
244 248
244 261
244 266
244 277
244 279
244 281
244 284
244 300
244 304
244 308
244 326
245 164
245 221
245 225
245 245
245 249
245 263
245 266
245 285
245 302
245 304
245 307
245 311
245 312
245 326
246 162
246 223
246 228
246 246
246 250
246 265
246 269
246 282
246 286
246 289
246 308
246 310
246 313
246 314
246 326
247 224
247 227
247 230
247 248
247 252
247 267
247 272
247 284
247 287
247 291
247 310
247 311
247 313
247 315
247 327
248 227
248 231
248 249
248 253
248 269
248 287
248 290
248 293
248 312
248 313
248 316
248 327
248 337
248 338
248 339
249 228
249 231
249 250
249 254
249 270
249 272
249 290
249 293
249 313
249 314
249 316
249 328
249 337
249 340
250 159
250 230
250 234
250 252
250 256
250 273
250 291
250 294
250 314
250 316
250 328
250 329
250 337
250 338
250 339
251 158
251 232
251 252
251 257
251 273
251 276
251 292
251 314
251 316
251 329
252 157
252 233
252 237
252 255
252 259
252 276
252 292
252 295
252 314
252 316
252 329
253 155
253 234
253 238
253 257
253 274
253 277
253 295
253 313
253 314
253 316
253 329
253 331
253 332
254 153
254 212
254 235
254 239
254 259
254 275
254 293
254 296
254 312
254 313
254 316
254 329
254 332
255 152
255 214
255 236
255 240
255 261
255 277
255 293
255 296
255 311
255 312
255 315
255 329
255 333
256 151
256 211
256 215
256 218
256 238
256 258
256 262
256 276
256 293
256 296
256 310
256 311
256 314
256 329
256 331
256 333
257 149
257 160
257 162
257 164
257 166
257 168
257 214
257 219
257 238
257 242
257 260
257 276
257 293
257 296
257 310
257 313
257 329
257 331
257 333
258 147
258 162
258 166
258 216
258 221
258 240
258 260
258 263
258 279
258 295
258 311
258 312
258 328
258 329
258 331
258 333
259 146
259 151
259 153
259 159
259 161
259 163
259 165
259 167
259 218
259 220
259 223
259 240
259 244
259 264
259 279
259 295
259 309
259 311
259 327
259 328
259 331
259 333
259 338
259 339
259 340
260 143
260 150
260 154
260 220
260 224
260 242
260 261
260 264
260 279
260 293
260 308
260 310
260 311
260 326
260 330
260 333
260 338
260 340
261 142
261 149
261 151
261 153
261 222
261 242
261 245
261 264
261 277
261 292
261 295
261 310
261 326
261 328
261 329
261 334
261 338
261 340
262 140
262 225
262 227
262 243
262 262
262 265
262 279
262 292
262 308
262 310
262 325
262 326
262 328
262 334
263 139
263 140
263 227
263 245
263 265
263 277
263 290
263 294
263 310
263 324
263 327
263 334
263 338
263 339
263 340
264 139
264 227
264 243
264 263
264 276
264 279
264 290
264 303
264 305
264 307
264 309
264 312
264 313
264 314
264 315
264 316
264 317
264 318
264 325
264 326
264 334
264 337
264 338
264 340
265 138
265 139
265 226
265 243
265 263
265 275
265 278
265 289
265 302
265 310
265 311
265 319
265 335
265 337
265 340
266 137
266 138
266 228
266 245
266 263
266 275
266 278
266 288
266 301
266 318
266 333
266 334
266 335
266 336
267 136
267 137
267 228
267 247
267 265
267 277
267 289
267 301
267 313
267 314
267 315
267 316
267 317
267 318
267 319
267 321
267 333
267 337
267 338
267 339
268 114
268 115
268 116
268 117
268 118
268 119
268 120
268 121
268 122
268 123
268 124
268 125
268 126
268 135
268 136
268 228
268 245
268 263
268 275
268 286
268 289
268 311
268 312
268 319
268 320
268 324
268 326
268 332
268 333
268 336
268 337
268 340
269 111
269 112
269 113
269 126
269 134
269 135
269 136
269 228
269 247
269 263
269 275
269 284
269 287
269 301
269 310
269 311
269 324
269 325
269 326
269 327
269 331
269 335
269 340
270 111
270 125
270 126
270 133
270 134
270 135
270 228
270 246
270 263
270 274
270 277
270 284
270 287
270 301
270 310
270 331
270 333
270 334
270 340
271 111
271 123
271 124
271 132
271 133
271 228
271 248
271 265
271 276
271 283
271 286
271 298
271 301
271 308
271 331
271 332
271 333
271 340
272 110
272 123
272 132
272 228
272 248
272 265
272 276
272 283
272 296
272 300
272 305
272 335
272 336
272 337
272 339
273 110
273 123
273 131
273 228
273 248
273 265
273 274
273 281
273 285
273 296
273 303
273 335
273 337
273 339
274 111
274 121
274 122
274 130
274 131
274 228
274 248
274 265
274 275
274 281
274 284
274 295
274 301
274 303
274 335
274 336
274 337
274 339
275 111
275 121
275 129
275 130
275 159
275 161
275 164
275 228
275 246
275 263
275 273
275 280
275 283
275 294
275 300
275 339
276 111
276 120
276 129
276 160
276 163
276 226
276 245
276 248
276 265
276 275
276 282
276 293
276 296
276 299
276 304
276 320
276 321
276 322
276 323
276 324
276 339
277 111
277 119
277 120
277 128
277 129
277 152
277 158
277 160
277 162
277 165
277 228
277 245
277 263
277 273
277 275
277 280
277 292
277 296
277 302
277 320
277 324
277 339
278 111
278 118
278 119
278 127
278 128
278 153
278 167
278 226
278 243
278 263
278 279
278 282
278 292
278 297
278 299
278 304
278 310
278 311
278 312
278 320
278 321
278 322
278 323
278 324
278 339
279 111
279 112
279 116
279 117
279 125
279 126
279 152
279 163
279 168
279 226
279 243
279 246
279 263
279 272
279 274
279 279
279 290
279 297
279 310
279 312
279 339
280 111
280 115
280 116
280 125
280 166
280 168
280 228
280 245
280 264
280 271
280 274
280 281
280 289
280 297
280 310
280 311
280 312
280 339
281 111
281 114
281 115
281 125
281 166
281 226
281 242
281 245
281 264
281 273
281 277
281 280
281 288
281 299
281 339
282 111
282 112
282 113
282 124
282 166
282 169
282 224
282 242
282 245
282 262
282 271
282 275
282 278
282 285
282 289
282 291
282 299
282 339
283 124
283 165
283 221
283 224
283 242
283 259
283 262
283 271
283 276
283 285
283 289
283 299
283 339
284 111
284 112
284 113
284 114
284 125
284 169
284 220
284 224
284 241
284 244
284 258
284 263
284 273
284 278
284 287
284 339
285 110
285 115
285 116
285 117
285 118
285 119
285 120
285 125
285 126
285 127
285 167
285 219
285 223
285 244
285 256
285 261
285 275
285 278
285 287
285 290
285 336
285 337
285 340
286 110
286 121
286 122
286 123
286 128
286 129
286 130
286 167
286 173
286 219
286 240
286 243
286 254
286 259
286 271
286 276
286 285
286 288
286 336
286 340
287 110
287 123
287 124
287 130
287 167
287 169
287 217
287 221
287 240
287 252
287 256
287 269
287 274
287 288
287 290
287 299
287 335
287 336
287 337
287 338
287 340
288 110
288 124
288 125
288 131
288 169
288 216
288 238
288 242
288 252
288 266
288 268
288 274
288 298
288 339
289 110
289 125
289 126
289 131
289 132
289 173
289 218
289 237
289 241
289 253
289 262
289 264
289 269
289 271
289 274
289 298
289 300
289 340
290 110
290 126
290 127
290 132
290 133
290 169
290 216
290 236
290 240
290 251
290 259
290 262
290 272
290 275
290 317
290 318
290 319
290 340
291 110
291 127
291 128
291 133
291 134
291 168
291 173
291 218
291 235
291 239
291 250
291 257
291 261
291 265
291 270
291 272
291 274
291 317
291 319
291 340
292 110
292 116
292 117
292 118
292 128
292 134
292 135
292 166
292 216
292 233
292 237
292 249
292 252
292 257
292 261
292 274
292 277
292 316
292 317
292 318
292 319
292 320
292 340
293 110
293 116
293 118
293 128
293 136
293 137
293 164
293 169
293 215
293 218
293 235
293 248
293 251
293 256
293 275
293 278
293 303
293 315
293 339
294 110
294 116
294 117
294 118
294 129
294 137
294 145
294 164
294 169
294 217
294 232
294 235
294 248
294 254
294 258
294 304
294 340
295 111
295 128
295 136
295 138
295 139
295 140
295 142
295 146
295 164
295 214
295 217
295 234
295 246
295 250
295 256
295 285
295 300
295 303
295 340
296 111
296 121
296 128
296 139
296 144
296 146
296 163
296 214
296 217
296 232
296 245
296 249
296 256
296 306
296 339
297 111
297 119
297 120
297 122
297 123
297 127
297 128
297 132
297 133
297 134
297 135
297 136
297 137
297 138
297 139
297 140
297 142
297 165
297 216
297 231
297 244
297 248
297 256
297 300
297 320
297 321
297 339
298 111
298 118
298 124
298 125
298 126
298 127
298 131
298 132
298 137
298 139
298 163
298 213
298 216
298 232
298 243
298 247
298 256
298 319
298 322
298 339
299 111
299 117
299 120
299 123
299 124
299 130
299 131
299 137
299 138
299 139
299 143
299 158
299 160
299 163
299 215
299 229
299 232
299 243
299 255
299 320
299 321
299 340
300 111
300 117
300 118
300 121
300 122
300 123
300 130
300 144
300 158
300 212
300 215
300 227
300 230
300 241
300 340
301 111
301 122
301 129
301 143
301 156
301 161
301 211
301 215
301 226
301 228
301 241
301 244
301 339
302 111
302 121
302 122
302 123
302 129
302 155
302 158
302 206
302 208
302 212
302 223
302 228
302 243
302 299
302 301
302 303
302 305
302 307
302 309
302 339
303 111
303 123
303 124
303 125
303 129
303 158
303 203
303 206
303 212
303 220
303 223
303 227
303 243
303 245
303 247
303 296
303 298
303 305
303 307
303 339
304 111
304 125
304 129
304 130
304 155
304 157
304 194
304 198
304 200
304 204
304 207
304 211
304 219
304 224
304 241
304 244
304 248
304 298
304 339
305 111
305 121
305 122
305 123
305 124
305 125
305 130
305 131
305 151
305 155
305 189
305 193
305 197
305 204
305 211
305 218
305 222
305 243
305 246
305 248
305 296
305 298
305 310
305 312
305 322
305 323
305 326
305 327
305 328
305 339
306 111
306 121
306 125
306 131
306 132
306 151
306 154
306 188
306 190
306 192
306 199
306 201
306 214
306 217
306 220
306 310
306 312
306 319
306 320
306 321
306 326
306 328
306 340
307 111
307 121
307 122
307 123
307 124
307 125
307 126
307 132
307 133
307 148
307 152
307 186
307 192
307 196
307 198
307 214
307 216
307 219
307 311
307 312
307 319
307 321
307 326
307 327
307 340
308 111
308 127
308 128
308 129
308 133
308 134
308 135
308 136
308 151
308 187
308 189
308 193
308 208
308 210
308 212
308 319
308 320
308 321
308 322
308 323
308 340
309 111
309 130
309 131
309 137
309 138
309 139
309 140
309 147
309 168
309 170
309 187
309 207
309 214
309 291
309 293
309 323
309 340
310 111
310 131
310 132
310 133
310 134
310 142
310 147
310 151
310 153
310 155
310 157
310 159
310 161
310 163
310 170
310 204
310 209
310 211
310 213
310 293
310 340
311 111
311 138
311 139
311 140
311 143
311 145
311 164
311 166
311 168
311 295
311 297
311 339
312 111
312 154
312 169
312 171
312 173
312 175
312 177
312 179
312 181
312 183
312 185
312 187
312 189
312 191
312 193
312 195
312 197
312 199
312 201
312 203
312 209
312 211
312 213
312 215
312 217
312 219
312 221
312 297
312 339
313 112
313 113
313 114
313 115
313 116
313 117
313 118
313 119
313 120
313 121
313 122
313 123
313 124
313 125
313 126
313 127
313 128
313 129
313 130
313 131
313 132
313 133
313 134
313 135
313 136
313 137
313 138
313 139
313 140
313 142
313 155
313 157
313 159
313 161
313 163
313 165
313 205
313 207
313 218
313 220
313 222
313 224
313 226
313 228
313 230
313 232
313 234
313 236
313 238
313 240
313 242
313 244
313 246
313 248
313 250
313 252
313 254
313 256
313 258
313 260
313 262
313 264
313 266
313 268
313 270
313 272
313 274
313 276
313 278
313 280
313 282
313 284
313 286
313 288
313 290
313 292
313 298
313 300
313 302
313 304
313 306
313 308
313 310
313 311
313 312
313 313
313 314
313 315
313 316
313 317
313 318
313 319
313 320
313 321
313 322
313 323
313 324
313 325
313 326
313 327
313 328
313 329
313 330
313 331
313 332
313 333
313 334
313 335
313 336
313 337
313 338
