143 374
143 375
143 376
143 377
144 373
144 374
144 377
144 378
145 299
145 373
145 378
145 379
146 296
146 300
146 302
146 372
146 380
146 381
146 382
147 295
147 303
147 372
147 382
147 383
148 292
148 304
148 372
148 383
149 305
149 371
149 383
149 384
150 291
150 305
150 308
150 370
150 371
150 384
151 290
151 308
151 370
151 384
152 289
152 304
152 308
152 369
152 385
153 287
153 303
153 306
153 310
153 385
154 286
154 302
154 305
154 312
154 385
155 302
155 305
155 345
155 385
156 285
156 301
156 304
156 342
156 344
156 347
156 368
156 371
156 372
156 376
156 384
157 283
157 300
157 305
157 341
157 348
157 367
157 370
157 372
157 375
157 377
157 384
158 282
158 301
158 305
158 340
158 349
158 367
158 371
158 372
158 375
158 377
158 378
158 384
159 279
159 281
159 306
159 313
159 315
159 317
159 323
159 340
159 364
159 366
159 375
159 376
159 378
159 384
160 276
160 284
160 287
160 307
160 318
160 320
160 330
160 337
160 340
160 350
160 363
160 369
160 376
160 378
160 379
160 383
161 270
161 273
161 281
161 283
161 288
161 305
161 310
161 321
161 327
161 329
161 332
161 334
161 336
161 343
161 360
161 367
161 369
161 376
161 377
161 379
161 383
162 266
162 268
162 285
162 289
162 292
162 306
162 311
162 317
162 322
162 324
162 332
162 339
162 343
162 350
162 352
162 354
162 358
162 360
162 377
162 379
162 383
163 262
163 264
163 275
163 288
163 291
163 297
163 299
163 309
163 314
163 320
163 333
163 336
163 343
163 348
163 357
163 377
163 379
163 380
163 383
164 260
164 275
164 291
164 293
164 299
164 302
164 311
164 317
164 321
164 333
164 336
164 343
164 350
164 377
164 378
164 380
164 383
165 258
165 273
165 277
165 297
165 300
165 304
165 313
165 319
165 322
165 333
165 337
165 349
165 352
165 354
165 378
165 380
165 384
166 247
166 249
166 251
166 255
166 274
166 278
166 281
166 301
166 305
166 324
166 334
166 338
166 355
166 378
166 380
166 384
167 245
167 252
167 276
167 279
167 283
167 302
167 307
167 323
167 335
167 353
167 357
167 377
167 378
167 380
167 384
168 248
168 253
168 279
168 282
168 286
168 304
168 308
168 325
168 336
168 340
168 355
168 360
168 377
168 379
168 380
168 384
169 246
169 253
169 282
169 286
169 289
169 308
169 323
169 326
169 340
169 356
169 360
169 377
169 379
169 385
170 253
170 256
170 285
170 288
170 290
170 308
170 311
170 326
170 339
170 358
170 377
170 379
170 385
171 234
171 243
171 256
171 287
171 292
171 308
171 324
171 327
171 341
171 359
171 362
171 376
171 377
171 379
171 385
172 232
172 235
172 254
172 258
172 289
172 294
172 310
172 324
172 327
172 343
172 362
172 376
172 378
172 379
172 384
172 385
173 231
173 236
173 238
173 240
173 242
173 258
173 290
173 295
173 312
173 327
173 340
173 343
173 362
173 375
173 376
173 378
173 383
173 384
174 230
174 259
174 292
174 296
174 312
174 325
174 341
174 344
174 362
174 375
174 377
174 378
174 383
175 229
175 260
175 294
175 297
175 311
175 326
175 329
175 342
175 359
175 362
175 373
175 374
175 377
175 382
176 258
176 294
176 298
176 313
176 327
176 330
176 344
176 362
176 372
176 376
176 382
177 259
177 263
177 298
177 311
177 314
177 328
177 342
177 345
177 360
177 370
177 371
177 374
177 375
177 381
178 261
178 264
178 296
178 312
178 328
178 342
178 345
178 358
178 369
178 373
178 374
178 381
179 261
179 297
179 300
179 314
179 328
179 343
179 357
179 360
179 371
179 372
179 380
180 228
180 263
180 266
180 298
180 312
180 328
180 343
180 357
180 367
180 370
180 371
180 379
180 380
181 227
181 268
181 300
181 313
181 316
181 330
181 345
181 357
181 367
181 378
181 379
182 225
182 265
182 268
182 299
182 314
182 317
182 330
182 343
182 356
182 359
182 369
182 377
182 378
183 224
183 268
183 299
183 302
183 315
183 328
183 331
183 345
183 358
183 369
183 377
184 223
184 267
184 299
184 315
184 318
184 331
184 343
184 356
184 367
184 370
184 376
185 222
185 224
185 269
185 300
185 303
185 316
185 329
185 341
185 355
185 358
185 368
185 370
185 376
186 220
186 222
186 226
186 270
186 301
186 316
186 329
186 341
186 344
186 354
186 370
186 375
186 376
187 218
187 223
187 228
187 268
187 272
187 303
187 316
187 329
187 341
187 352
187 356
187 370
187 374
187 375
188 217
188 225
188 229
188 273
188 277
188 302
188 316
188 329
188 341
188 351
188 355
188 360
188 368
188 370
188 371
188 372
188 374
189 227
189 229
189 271
189 276
189 302
189 316
189 329
189 341
189 350
189 354
189 360
189 366
189 373
190 272
190 276
190 302
190 316
190 329
190 341
190 349
190 353
190 361
190 365
191 214
191 276
191 302
191 316
191 328
191 331
191 341
191 348
191 352
191 363
191 365
192 276
192 302
192 316
192 328
192 331
192 342
192 347
192 351
192 359
192 361
193 211
193 213
193 276
193 302
193 316
193 328
193 340
193 347
193 350
193 357
194 211
194 277
194 302
194 315
194 318
194 330
194 340
194 346
194 349
194 355
195 210
195 277
195 304
195 317
195 327
195 330
195 341
195 346
195 349
195 355
195 359
196 210
196 275
196 302
196 315
196 327
196 330
196 341
196 346
196 352
196 359
197 209
197 210
197 224
197 270
197 274
197 302
197 315
197 326
197 329
197 339
197 344
197 348
197 354
197 358
198 208
198 209
198 225
198 228
198 269
198 271
198 273
198 276
198 304
198 317
198 328
198 338
198 341
198 346
198 351
198 354
199 207
199 208
199 224
199 229
199 231
199 233
199 270
199 275
199 304
199 315
199 325
199 328
199 338
199 343
199 346
199 354
200 206
200 207
200 227
200 233
200 267
200 273
200 302
200 314
200 317
200 327
200 337
200 340
200 345
200 349
200 353
201 205
201 206
201 229
201 231
201 267
201 272
201 302
201 313
201 316
201 327
201 337
201 343
201 345
201 351
201 356
202 205
202 233
202 266
202 270
202 301
202 304
202 315
202 324
202 327
202 338
202 345
202 349
202 356
203 204
203 235
203 266
203 271
203 300
203 313
203 324
203 327
203 336
203 340
203 345
203 356
204 203
204 204
204 237
204 268
204 299
204 303
204 313
204 323
204 326
204 337
204 341
204 345
204 349
204 354
205 202
205 203
205 235
205 265
205 270
205 299
205 302
205 314
205 323
205 326
205 337
205 345
205 352
205 388
205 389
205 390
205 391
205 392
205 393
205 394
205 395
205 396
205 397
205 398
206 198
206 199
206 200
206 201
206 202
206 237
206 265
206 298
206 301
206 312
206 322
206 325
206 335
206 342
206 348
206 379
206 380
206 381
206 382
206 383
206 384
206 385
206 386
206 387
206 399
207 197
207 198
207 238
207 240
207 265
207 270
207 301
207 313
207 321
207 334
207 337
207 339
207 346
207 352
207 354
207 373
207 374
207 375
207 376
207 377
207 378
207 399
208 197
208 240
208 264
208 269
208 299
208 310
208 313
208 323
208 334
208 341
208 346
208 349
208 354
208 367
208 369
208 370
208 371
208 372
208 399
209 196
209 240
209 265
209 267
209 269
209 298
209 310
209 313
209 322
209 334
209 341
209 344
209 356
209 358
209 360
209 362
209 364
209 366
209 399
210 196
210 240
210 263
210 267
210 297
210 310
210 318
210 322
210 334
210 340
210 344
210 346
210 348
210 350
210 399
211 196
211 238
211 261
211 293
211 297
211 310
211 318
211 321
211 338
211 345
211 399
212 196
212 197
212 239
212 261
212 264
212 295
212 308
212 317
212 320
212 331
212 337
212 399
213 196
213 197
213 234
213 237
213 260
213 263
213 294
213 308
213 311
213 320
213 328
213 333
213 337
213 344
213 399
214 195
214 196
214 232
214 235
214 237
214 260
214 263
214 293
214 307
214 310
214 318
214 324
214 327
214 331
214 338
214 343
214 399
215 195
215 223
215 225
215 227
215 231
215 239
215 259
215 289
215 293
215 310
215 318
215 325
215 328
215 336
215 341
215 343
215 399
216 195
216 221
216 226
216 231
216 234
216 237
216 257
216 288
216 292
216 308
216 315
216 321
216 325
216 334
216 338
216 399
217 195
217 196
217 218
217 223
217 225
217 227
217 234
217 236
217 259
217 288
217 291
217 304
217 308
217 315
217 320
217 324
217 327
217 331
217 334
217 338
217 399
218 195
218 219
218 222
218 257
218 288
218 302
218 306
218 313
218 317
218 323
218 331
218 335
218 399
219 196
219 218
219 255
219 287
219 290
219 304
219 311
219 315
219 322
219 328
219 332
219 399
220 196
220 257
220 287
220 290
220 301
220 310
220 314
220 320
220 324
220 328
220 399
221 196
221 197
221 255
221 287
221 299
221 309
221 313
221 319
221 324
221 327
221 399
222 198
222 199
222 200
222 256
222 286
222 289
222 301
222 308
222 312
222 317
222 324
222 388
222 389
222 390
222 399
223 200
223 201
223 254
223 286
223 289
223 299
223 307
223 311
223 318
223 324
223 388
223 390
223 399
224 201
224 202
224 203
224 255
224 286
224 297
224 306
224 310
224 316
224 324
224 388
224 389
224 390
224 399
225 204
225 205
225 206
225 207
225 253
225 286
225 296
225 300
225 308
225 314
225 325
225 370
225 371
225 372
225 393
225 394
225 395
225 399
226 208
226 209
226 219
226 252
226 255
226 286
226 295
226 299
226 307
226 313
226 317
226 370
226 372
226 393
226 396
226 399
227 208
227 209
227 220
227 252
227 284
227 294
227 298
227 306
227 313
227 316
227 370
227 371
227 372
227 393
227 394
227 395
227 399
228 209
228 219
228 250
228 283
228 287
228 296
228 302
228 306
228 315
228 399
229 209
229 252
229 282
229 286
229 295
229 301
229 305
229 315
229 399
230 209
230 251
230 281
230 285
230 291
230 295
230 303
230 313
230 316
230 399
231 205
231 206
231 207
231 208
231 250
231 277
231 279
231 283
231 289
231 294
231 299
231 303
231 399
232 187
232 188
232 189
232 190
232 191
232 192
232 203
232 204
232 249
232 269
232 271
232 273
232 279
232 282
232 287
232 291
232 297
232 302
232 399
233 182
233 183
233 184
233 185
233 186
233 193
233 194
233 195
233 196
233 203
233 248
233 267
233 273
233 278
233 285
233 290
233 295
233 299
233 399
234 181
234 196
234 202
234 243
234 246
234 248
234 265
234 270
234 272
234 283
234 288
234 294
234 299
234 399
235 180
235 196
235 202
235 243
235 246
235 263
235 266
235 269
235 282
235 287
235 293
235 297
235 399
236 180
236 195
236 196
236 202
236 243
236 262
236 266
236 280
236 285
236 291
236 296
236 371
236 372
236 399
237 180
237 195
237 202
237 242
237 261
237 265
237 278
237 283
237 289
237 294
237 370
237 373
237 399
238 180
238 195
238 196
238 202
238 242
238 263
238 274
238 277
238 281
238 287
238 292
238 371
238 372
238 399
239 181
239 197
239 198
239 199
239 203
239 240
239 256
239 258
239 262
239 272
239 276
239 279
239 289
239 343
239 399
240 181
240 199
240 200
240 203
240 204
240 241
240 253
240 256
240 261
240 269
240 273
240 276
240 286
240 288
240 345
240 361
240 399
241 181
241 200
241 204
241 207
241 208
241 209
241 210
241 241
241 243
241 252
241 256
241 265
241 268
241 272
241 284
241 343
241 355
241 357
241 362
241 399
242 181
242 201
242 202
242 203
242 204
242 206
242 212
242 214
242 216
242 218
242 225
242 227
242 229
242 231
242 233
242 235
242 237
242 245
242 253
242 258
242 260
242 265
242 267
242 270
242 355
242 360
242 362
242 391
242 392
242 393
242 399
243 181
243 206
243 221
243 223
243 240
243 242
243 257
243 264
243 391
243 393
243 399
244 181
244 182
244 183
244 184
244 185
244 186
244 187
244 188
244 189
244 190
244 191
244 192
244 193
244 194
244 195
244 196
244 197
244 198
244 199
244 200
244 201
244 205
244 206
244 208
244 209
244 217
244 227
244 232
244 249
244 251
244 260
244 262
244 280
244 282
244 284
244 286
244 288
244 290
244 292
244 294
244 296
244 298
244 300
244 302
244 304
244 306
244 308
244 310
244 312
244 314
244 316
244 318
244 320
244 322
244 324
244 326
244 328
244 330
244 332
244 334
244 336
244 338
244 340
244 342
244 344
244 346
244 348
244 350
244 352
244 358
244 360
244 362
244 364
244 366
244 368
244 370
244 371
244 372
244 373
244 374
244 375
244 376
244 377
244 378
244 379
244 380
244 381
244 382
244 383
244 384
244 385
244 386
244 387
244 388
244 389
244 395
244 396
244 397
244 398
244 399
245 202
245 203
245 204
245 216
245 227
245 229
245 231
245 233
245 235
245 237
245 239
245 241
245 243
245 245
245 247
245 254
245 256
245 258
245 264
245 266
245 268
245 270
245 272
245 274
245 276
245 278
245 354
245 356
245 390
245 391
245 392
245 393
245 394
