178 246
178 329
178 330
178 331
178 332
178 333
178 334
179 243
179 247
179 249
179 329
179 333
179 334
179 335
180 249
180 324
180 325
180 326
180 327
180 329
180 334
180 335
181 250
181 252
181 324
181 325
181 327
181 329
181 335
182 241
182 323
182 324
182 327
182 329
182 336
183 240
183 253
183 322
183 323
183 327
183 329
183 330
183 336
184 238
184 253
184 322
184 327
184 328
184 330
184 336
185 236
185 254
185 322
185 328
185 330
185 331
185 337
186 235
186 255
186 322
186 328
186 329
186 331
186 337
187 257
187 259
187 320
187 321
187 322
187 329
187 331
187 337
188 260
188 314
188 316
188 318
188 329
188 331
188 332
188 337
189 260
189 297
189 299
189 301
189 303
189 305
189 307
189 309
189 311
189 315
189 329
189 330
189 332
189 337
190 232
190 239
190 241
190 243
190 261
190 295
190 317
190 330
190 332
190 333
190 335
190 337
191 229
191 239
191 245
191 261
191 293
191 314
191 317
191 330
191 331
191 333
191 334
191 337
192 231
192 240
192 242
192 247
192 261
192 263
192 265
192 267
192 269
192 271
192 291
192 313
192 316
192 331
192 334
192 337
193 244
193 248
193 272
193 274
193 290
193 315
193 331
193 332
193 336
193 337
194 227
194 229
194 246
194 249
194 252
194 275
194 277
194 289
194 313
194 332
194 333
194 334
194 336
195 223
195 225
195 247
195 250
195 252
195 269
195 271
195 278
195 280
195 282
195 284
195 287
195 312
195 315
195 336
196 219
196 221
196 230
196 234
196 253
196 280
196 285
196 287
196 314
196 336
197 209
197 211
197 213
197 215
197 217
197 230
197 234
197 237
197 254
197 280
197 288
197 314
197 336
198 199
198 203
198 205
198 207
198 209
198 216
198 232
198 235
198 239
198 252
198 256
198 280
198 283
198 285
198 289
198 312
198 316
198 336
199 195
199 197
199 201
199 219
199 221
199 236
199 240
199 243
199 253
199 257
199 260
199 280
199 287
199 292
199 315
199 318
199 336
200 193
200 222
200 239
200 242
200 246
200 256
200 259
200 263
200 280
200 283
200 285
200 289
200 294
200 296
200 315
200 320
200 321
200 336
201 181
201 183
201 185
201 190
201 218
201 220
201 242
201 247
201 259
201 262
201 266
201 283
201 291
201 294
201 300
201 316
201 319
201 320
201 321
201 322
201 336
202 179
202 187
202 220
202 224
202 245
202 250
202 263
202 268
202 282
202 285
202 295
202 299
202 301
202 319
202 323
202 336
203 178
203 222
203 226
203 246
203 249
203 264
203 266
203 282
203 285
203 288
203 303
203 320
203 321
203 324
203 336
203 337
203 338
204 177
204 223
204 231
204 249
204 266
204 270
204 272
204 284
204 289
204 301
204 305
204 322
204 324
204 325
204 335
204 338
205 177
205 179
205 223
205 225
205 229
205 232
205 250
205 267
205 272
205 286
205 290
205 305
205 322
205 323
205 325
205 335
205 338
206 181
206 227
206 232
206 234
206 252
206 270
206 274
206 290
206 303
206 323
206 325
206 335
206 338
207 177
207 179
207 228
207 230
207 235
207 250
207 271
207 275
207 292
207 305
207 323
207 325
207 335
207 336
207 339
208 176
208 233
208 238
208 252
208 272
208 289
208 292
208 307
208 323
208 325
208 336
208 339
208 340
209 174
209 234
209 239
209 253
209 273
209 276
209 292
209 305
209 323
209 325
209 336
209 340
210 173
210 237
210 241
210 254
210 274
210 277
210 291
210 305
210 322
210 323
210 325
210 336
210 339
211 172
211 238
211 242
211 255
211 274
211 277
211 293
211 305
211 321
211 325
211 337
211 339
212 170
212 240
212 255
212 259
212 278
212 293
212 306
212 321
212 323
212 324
212 339
213 168
213 196
213 240
213 244
213 257
213 276
213 291
213 304
213 320
213 323
213 339
213 340
214 167
214 197
214 200
214 202
214 241
214 244
214 258
214 277
214 280
214 293
214 304
214 319
214 322
214 337
214 340
215 195
215 198
215 204
215 242
215 258
215 261
215 278
215 291
215 303
215 306
215 319
215 321
215 336
215 338
215 340
215 342
215 343
216 166
216 199
216 201
216 206
216 208
216 246
216 262
216 280
216 293
216 305
216 321
216 335
216 336
216 338
216 340
216 343
217 162
217 164
217 203
217 209
217 246
217 259
217 262
217 280
217 293
217 303
217 317
217 320
217 334
217 338
217 340
217 341
218 159
218 160
218 169
218 173
218 205
218 207
218 244
218 248
218 262
218 278
218 291
218 302
218 305
218 319
218 332
218 333
218 335
218 336
218 337
218 341
218 342
218 343
218 344
219 158
219 159
219 166
219 170
219 174
219 207
219 210
219 246
219 260
219 263
219 280
219 291
219 302
219 317
219 331
219 333
219 335
219 336
219 344
220 157
220 158
220 169
220 171
220 175
220 208
220 247
220 250
220 263
220 280
220 292
220 301
220 304
220 319
220 330
220 333
220 334
220 344
221 156
221 157
221 174
221 176
221 210
221 247
221 250
221 263
221 280
221 290
221 301
221 304
221 319
221 327
221 330
221 332
221 333
221 344
222 155
222 156
222 178
222 208
222 211
222 248
222 261
222 278
222 289
222 292
222 303
222 319
222 328
222 330
222 331
222 344
222 347
222 348
222 349
223 155
223 180
223 182
223 213
223 250
223 263
223 278
223 289
223 300
223 303
223 309
223 319
223 320
223 321
223 324
223 325
223 327
223 343
223 344
223 347
223 349
224 154
224 155
224 183
224 185
224 210
224 213
224 248
224 261
224 264
224 280
224 289
224 299
224 308
224 311
224 317
224 322
224 323
224 326
224 327
224 328
224 329
224 330
224 331
224 332
224 333
224 334
224 335
224 342
224 343
224 344
224 347
224 349
225 152
225 153
225 154
225 186
225 211
225 215
225 248
225 262
225 278
225 288
225 291
225 301
225 309
225 312
225 316
225 335
225 341
225 344
225 345
225 346
225 349
226 151
226 152
226 184
226 188
226 213
226 224
226 226
226 250
226 264
226 280
226 290
226 298
226 305
226 307
226 310
226 314
226 330
226 332
226 333
226 334
226 335
226 341
226 343
226 344
226 350
227 150
227 151
227 185
227 189
227 215
227 226
227 248
227 262
227 277
227 280
227 290
227 300
227 307
227 312
227 326
227 330
227 341
227 342
227 343
227 350
228 148
228 149
228 186
228 190
228 213
228 224
228 226
228 249
228 262
228 265
228 279
228 288
228 296
228 299
228 306
228 311
228 323
228 324
228 325
228 327
228 328
228 329
228 330
228 350
229 148
229 187
229 191
229 215
229 247
229 262
229 265
229 279
229 290
229 296
229 310
229 318
229 320
229 321
229 322
229 350
230 147
230 188
230 213
230 224
230 249
230 263
230 277
230 287
230 290
230 297
230 310
230 317
230 350
231 146
231 147
231 189
231 193
231 213
231 223
231 249
231 264
231 277
231 287
231 290
231 297
231 309
231 316
231 349
232 146
232 191
232 213
232 223
232 249
232 264
232 279
232 289
232 295
232 305
232 308
232 314
232 349
233 145
233 192
233 213
233 216
233 222
233 249
233 264
233 277
233 286
233 289
233 296
233 303
233 308
233 313
233 349
234 145
234 195
234 213
234 222
234 249
234 263
234 278
234 286
234 289
234 295
234 301
234 306
234 311
234 314
234 349
235 144
235 195
235 214
235 216
235 221
235 247
235 259
235 262
235 278
235 286
235 291
235 293
235 307
235 311
235 349
236 143
236 144
236 172
236 193
236 212
236 221
236 248
236 259
236 262
236 278
236 287
236 291
236 295
236 297
236 299
236 305
236 310
236 349
237 143
237 171
237 174
237 195
237 212
237 220
237 248
237 261
237 278
237 287
237 289
237 302
237 307
237 309
237 312
237 315
237 349
238 142
238 143
238 168
238 174
238 195
238 213
238 219
238 245
238 248
238 259
238 276
238 285
238 296
238 298
238 300
238 303
238 305
238 307
238 313
238 349
239 140
239 141
239 142
239 168
239 172
239 192
239 211
239 219
239 245
239 258
239 261
239 278
239 285
239 296
239 308
239 349
240 140
240 168
240 172
240 192
240 210
240 213
240 243
240 247
240 258
240 276
240 284
240 288
240 296
240 349
241 140
241 167
241 173
241 192
241 210
241 213
241 242
241 246
241 259
241 275
241 278
241 286
241 293
241 349
242 140
242 167
242 171
242 191
242 209
242 212
242 242
242 245
242 257
242 273
242 278
242 284
242 288
242 291
242 329
242 330
242 331
242 349
243 140
243 168
243 191
243 208
243 217
243 240
243 242
243 256
243 259
243 271
243 276
243 283
243 286
243 291
243 329
243 331
243 349
244 140
244 193
244 207
244 211
244 237
244 244
244 258
244 271
244 274
244 282
244 285
244 290
244 293
244 329
244 330
244 331
244 349
245 141
245 192
245 209
245 236
245 238
245 241
245 243
245 256
245 268
245 272
245 281
245 285
245 288
245 295
245 298
245 349
246 131
246 132
246 133
246 141
246 192
246 205
246 208
246 236
246 239
246 257
246 268
246 271
246 283
246 287
246 294
246 298
246 349
247 131
247 133
247 142
247 204
247 207
247 235
247 238
247 255
247 267
247 270
247 276
247 278
247 282
247 289
247 297
247 349
248 130
248 134
248 135
248 136
248 137
248 138
248 139
248 143
248 204
248 217
248 235
248 238
248 257
248 270
248 274
248 281
248 289
248 322
248 323
248 349
249 130
249 140
249 141
249 143
249 144
249 145
249 146
249 203
249 206
249 235
249 253
249 256
249 268
249 273
249 278
249 280
249 288
249 321
249 324
249 349
250 130
250 141
250 147
250 148
250 149
250 150
250 203
250 206
250 235
250 251
250 255
250 265
250 268
250 273
250 276
250 283
250 287
250 322
250 323
250 349
251 130
251 142
251 143
251 150
251 151
251 202
251 205
251 235
251 250
251 254
251 264
251 270
251 278
251 283
251 298
251 349
252 130
252 144
252 151
252 152
252 189
252 202
252 205
252 234
252 237
252 250
252 262
252 266
252 269
252 273
252 277
252 281
252 283
252 299
252 349
253 130
253 144
253 152
253 153
253 172
253 174
253 176
253 201
253 204
253 234
253 237
253 252
253 262
253 271
253 277
253 297
253 299
253 349
254 130
254 144
254 153
254 174
254 188
254 201
254 204
254 218
254 236
254 250
254 260
254 266
254 271
254 317
254 349
255 130
255 144
255 152
255 153
255 157
255 158
255 159
255 160
255 170
255 173
255 175
255 188
255 203
255 233
255 236
255 248
255 259
255 264
255 270
255 318
255 349
256 130
256 145
256 151
256 152
256 156
256 157
256 169
256 172
256 187
256 198
256 202
256 235
256 246
256 250
256 259
256 265
256 267
256 316
256 318
256 326
256 327
256 349
257 130
257 144
257 151
257 154
257 157
257 167
257 170
257 186
257 197
257 199
257 232
257 235
257 246
257 257
257 267
257 269
257 272
257 278
257 295
257 325
257 328
257 337
257 338
257 339
257 340
257 349
258 130
258 135
258 136
258 137
258 143
258 144
258 148
258 149
258 150
258 153
258 156
258 157
258 168
258 171
258 196
258 200
258 232
258 244
258 248
258 259
258 270
258 277
258 294
258 326
258 327
258 337
258 340
258 349
259 130
259 135
259 138
259 139
259 140
259 141
259 142
259 147
259 148
259 153
259 154
259 155
259 168
259 186
259 195
259 199
259 231
259 243
259 247
259 257
259 270
259 272
259 278
259 294
259 337
259 338
259 339
259 340
259 349
260 130
260 135
260 136
260 138
260 147
260 184
260 192
260 197
260 229
260 233
260 243
260 256
260 259
260 320
260 321
260 322
260 349
261 130
261 138
261 139
261 147
261 184
261 191
261 196
261 230
261 241
261 245
261 258
261 310
261 312
261 320
261 322
261 350
262 130
262 139
262 147
262 183
262 190
262 194
262 226
262 230
262 240
262 244
262 259
262 310
262 320
262 321
262 322
262 350
263 131
263 139
263 147
263 182
263 188
263 223
263 227
263 232
263 234
263 240
263 257
263 260
263 312
263 350
264 131
264 139
264 147
264 185
264 190
264 219
264 221
264 226
264 229
264 240
264 258
264 287
264 289
264 350
265 131
265 139
265 147
265 148
265 184
265 188
265 216
265 219
265 223
265 225
265 237
265 241
265 289
265 350
266 131
266 140
266 141
266 142
266 147
266 148
266 149
266 183
266 187
266 213
266 216
266 220
266 223
266 232
266 234
266 236
266 238
266 288
266 350
267 131
267 143
267 144
267 145
267 149
267 150
267 186
267 210
267 214
267 217
267 222
267 229
267 233
267 238
267 297
267 350
268 131
268 145
268 146
268 151
268 152
268 184
268 205
268 209
268 213
268 216
268 226
268 230
268 233
268 236
268 296
268 308
268 325
268 326
268 348
268 349
269 131
269 147
269 148
269 152
269 153
269 154
269 156
269 157
269 158
269 159
269 160
269 162
269 164
269 166
269 168
269 170
269 172
269 174
269 176
269 178
269 180
269 182
269 204
269 209
269 211
269 224
269 229
269 239
269 241
269 297
269 310
269 324
269 327
269 348
270 131
270 149
270 150
270 151
270 155
270 158
270 187
270 189
270 204
270 223
270 227
270 239
270 309
270 323
270 324
270 325
270 326
270 328
270 348
271 130
271 169
271 171
271 178
271 180
271 186
271 191
271 194
271 196
271 198
271 200
271 202
271 204
271 207
271 225
271 232
271 239
271 241
271 310
271 322
271 348
271 349
272 130
272 159
272 160
272 163
272 166
272 183
272 187
272 189
272 194
272 207
272 225
272 231
272 321
272 350
273 131
273 160
273 226
273 350
274 131
274 132
274 133
274 134
274 135
274 136
274 137
274 138
274 139
274 140
274 141
274 142
274 143
274 144
274 145
274 146
274 147
274 148
274 149
274 150
274 151
274 152
274 153
274 154
274 155
274 156
274 157
274 158
274 166
274 168
274 170
274 172
274 174
274 176
274 178
274 180
274 187
274 206
274 208
274 210
274 212
274 214
274 216
274 349
275 159
275 160
275 162
275 164
275 181
275 183
275 185
275 190
275 192
275 194
275 196
275 198
275 200
275 202
275 204
275 217
275 219
275 221
275 223
275 225
275 227
275 229
275 231
275 233
275 235
275 237
275 239
275 241
275 243
275 245
275 247
275 249
275 251
275 253
275 255
275 257
275 259
275 261
275 263
275 265
275 267
275 269
275 271
275 273
275 275
275 277
275 279
275 281
275 283
275 285
275 287
275 289
275 291
275 293
275 295
275 297
275 299
275 301
275 303
275 305
275 307
275 309
275 311
275 313
275 315
275 317
275 319
275 320
275 321
275 322
275 323
275 324
275 325
275 326
275 327
275 328
275 329
275 330
275 331
275 332
275 333
275 334
275 335
275 336
275 337
275 338
275 339
275 340
275 341
275 342
275 343
275 344
275 345
275 346
275 347
275 348
